,city,latitude,longitude,temperature,humidity,cloudiness,wind speed
0,ushuaia,-54.8,-68.3,278.15,56,75,75
1,rikitea,-23.12,-134.97,294.04,77,0,0
2,clyde river,70.47,-68.59,279.92,68,2,2
3,visby,57.64,18.3,289.35,45,0,0
4,budhlada,29.93,75.57,301.97,71,8,8
5,saskylakh,71.92,114.08,284.9,60,97,97
6,chara,56.91,118.26,279.76,72,0,0
7,yagunovskiy,55.28,85.98,287.15,82,40,40
8,port alfred,-33.59,26.89,290.01,72,0,0
9,ipixuna,-1.76,-48.8,304.15,62,40,40
10,butaritari,3.07,172.79,300.8,65,77,77
11,geraldton,-28.77,114.6,281.15,93,0,0
12,albany,42.6,-73.97,300.44,68,45,45
13,hobart,-42.88,147.33,281.22,57,100,100
14,kwekwe,-18.93,29.81,291.12,30,0,0
15,busselton,-33.65,115.33,281.16,75,43,43
16,kapaa,22.08,-159.32,300.3,74,20,20
17,castro,-24.79,-50.01,290.45,66,0,0
18,east london,-33.02,27.91,291.15,88,2,2
19,vestmannaeyjar,63.44,-20.27,285.15,71,29,29
20,victoria,22.29,114.16,302.61,79,100,100
21,hermanus,-34.42,19.23,287.04,91,100,100
22,bluff,-46.6,168.33,280.37,72,96,96
23,tauramena,5.02,-72.75,298.82,83,95,95
24,tuktoyaktuk,69.45,-133.04,280.15,100,90,90
25,bambous virieux,-20.34,57.76,294.47,83,40,40
26,salta,-24.79,-65.41,302.15,14,40,40
27,veraval,20.9,70.37,300.59,84,100,100
28,iqaluit,63.75,-68.51,283.92,62,75,75
29,port elizabeth,-33.92,25.57,290.15,82,40,40
30,hithadhoo,-0.6,73.08,300.98,76,100,100
31,qaanaaq,77.48,-69.36,275.55,89,100,100
32,methoni,36.82,21.7,301.14,69,40,40
33,barrow,71.29,-156.79,277.15,93,90,90
34,punta arenas,-53.15,-70.92,278.15,60,66,66
35,tura,25.52,90.22,296.91,94,100,100
36,vaini,-21.2,-175.2,291.15,100,20,20
37,zhigansk,66.77,123.37,278.3,66,0,0
38,maceio,-9.67,-35.74,296.15,94,75,75
39,yellowknife,62.46,-114.35,285.71,93,90,90
40,provideniya,64.38,-173.3,282.61,86,99,99
41,kaeng khoi,14.59,101.0,301.48,84,100,100
42,mayo,38.89,-76.51,304.33,62,1,1
43,sanlucar de barrameda,36.78,-6.35,303.51,69,0,0
44,lebu,-37.62,-73.65,285.71,71,0,0
45,jamestown,42.1,-79.24,297.39,78,75,75
46,norman wells,65.28,-126.83,289.15,77,75,75
47,cayenne,4.93,-52.33,302.15,70,90,90
48,bredasdorp,-34.53,20.04,287.15,93,100,100
49,georgetown,5.41,100.34,298.51,94,20,20
50,carnarvon,-24.87,113.63,290.15,82,0,0
51,vardo,70.37,31.11,285.15,76,0,0
52,kemin,42.78,75.69,290.88,58,100,100
53,mataura,-46.19,168.86,280.37,72,70,70
54,upernavik,72.79,-56.15,278.66,91,100,100
55,de aar,-30.65,24.01,285.95,29,0,0
56,zaysan,47.47,84.87,287.51,66,72,72
57,covington,39.08,-84.51,305.48,58,40,40
58,pangnirtung,66.15,-65.71,280.15,93,90,90
59,thompson,55.74,-97.86,284.15,76,90,90
60,rafai,4.95,23.92,294.35,97,100,100
61,saint-philippe,-21.36,55.77,290.89,82,20,20
62,juneau,58.3,-134.42,285.25,93,90,90
63,riberalta,-10.98,-66.1,309.95,20,1,1
64,cape town,-33.93,18.42,287.62,93,75,75
65,awbari,26.59,12.78,302.98,15,0,0
66,hilo,19.73,-155.09,298.65,65,1,1
67,mahebourg,-20.41,57.7,294.15,83,40,40
68,chuy,-33.7,-53.46,292.77,61,89,89
69,severo-kurilsk,50.68,156.12,284.85,94,100,100
70,mago,53.25,140.18,286.84,96,100,100
71,biak,-0.91,122.88,297.53,80,97,97
72,gidam,18.98,81.4,297.24,92,100,100
73,petrolina,-9.4,-40.5,303.15,42,20,20
74,new norfolk,-42.78,147.06,279.47,81,100,100
75,puerto ayora,-0.74,-90.35,295.0,60,75,75
76,straumen,63.87,11.3,284.39,81,75,75
77,bethel,41.37,-73.41,303.55,45,1,1
78,ponta do sol,32.67,-17.1,296.89,69,20,20
79,chapais,49.78,-74.85,287.15,76,75,75
80,san patricio,19.22,-104.7,302.15,79,75,75
81,hasaki,35.73,140.83,297.49,88,75,75
82,nikolskoye,59.7,30.79,288.84,82,75,75
83,maneadero,31.72,-116.57,303.15,44,3,3
84,kodiak,57.79,-152.41,287.15,58,75,75
85,jalu,29.03,21.55,303.53,23,0,0
86,mar del plata,-38.0,-57.56,291.15,77,40,40
87,snezhnogorsk,69.19,33.25,280.15,93,0,0
88,khatanga,71.97,102.5,285.74,69,41,41
89,port macquarie,-31.43,152.92,280.68,75,80,80
90,sambava,-14.27,50.17,294.93,87,3,3
91,avarua,-21.21,-159.78,296.15,83,87,87
92,mineiros,-17.57,-52.55,307.59,19,4,4
93,chokurdakh,70.63,147.92,275.84,90,100,100
94,pevek,69.7,170.31,276.43,98,100,100
95,makarov,48.63,142.8,290.85,91,2,2
96,omboue,-1.57,9.26,297.34,82,91,91
97,kangaatsiaq,68.31,-53.46,280.4,85,35,35
98,vung tau,10.35,107.08,300.93,83,0,0
99,port hardy,50.7,-127.42,289.15,67,75,75
100,tuatapere,-46.13,167.68,280.37,72,42,42
101,bajna,27.9,77.68,301.07,75,8,8
102,salalah,17.02,54.09,298.15,94,90,90
103,petropavlovsk-kamchatskiy,53.05,158.65,280.15,100,100,100
104,camacupa,-12.02,17.48,293.84,37,0,0
105,tottori,35.5,134.23,298.83,79,0,0
106,olinda,-8.01,-34.86,300.15,65,20,20
107,pyshchug,58.89,45.71,286.91,87,100,100
108,bikaner,28.02,73.3,302.3,70,20,20
109,korla,41.76,86.15,300.37,68,0,0
110,deogarh,21.53,84.73,298.23,92,100,100
111,miraflores,19.22,-98.81,292.32,68,90,90
112,hualmay,-11.1,-77.61,292.72,65,22,22
113,valparaiso,-33.04,-71.63,284.08,100,90,90
114,airai,-8.93,125.41,286.03,39,0,0
115,broome,42.25,-75.83,295.97,69,75,75
116,dikson,73.51,80.55,281.2,97,0,0
117,mujiayingzi,42.12,118.78,292.22,54,100,100
118,bogovarovo,58.98,47.02,286.64,86,100,100
119,itupiranga,-5.13,-49.33,308.15,47,75,75
120,marawi,8.0,124.29,297.59,90,100,100
121,carnot,4.94,15.87,295.4,90,100,100
122,sisimiut,66.94,-53.67,282.58,74,21,21
123,catuday,16.29,119.81,300.35,85,100,100
124,ribeira grande,38.52,-28.7,297.15,94,75,75
125,mao,39.89,4.27,299.15,74,20,20
126,carutapera,-1.2,-46.02,301.76,68,32,32
127,presidencia roque saenz pena,-26.79,-60.44,307.91,25,18,18
128,tyler,32.35,-95.3,305.96,43,75,75
129,lagoa,39.05,-27.98,296.64,89,88,88
130,torbay,47.67,-52.73,289.77,72,75,75
131,puerto carreno,6.19,-67.49,304.31,60,47,47
132,buribay,51.96,58.16,289.81,71,1,1
133,winnemucca,40.97,-117.74,297.15,47,40,40
134,longyearbyen,78.22,15.64,278.15,65,20,20
135,bengkulu,-3.8,102.27,297.96,82,98,98
136,atuona,-9.8,-139.03,298.98,74,1,1
137,pottsville,40.69,-76.2,303.7,67,2,2
138,cabo san lucas,22.89,-109.91,304.38,66,5,5
139,yatou,37.15,122.38,297.29,93,100,100
140,ulaanbaatar,47.91,106.88,281.15,87,81,81
141,kamaishi,39.27,141.88,295.85,83,1,1
142,huangpi,30.88,114.38,300.15,83,54,54
143,inhambane,-23.86,35.38,296.04,88,0,0
144,urubamba,-13.3,-72.12,294.15,14,0,0
145,daru,-9.08,143.21,298.03,87,99,99
146,olafsvik,64.89,-23.71,282.9,76,0,0
147,oriximina,-1.77,-55.87,306.63,46,93,93
148,bonavista,48.65,-53.11,289.82,76,83,83
149,el sauzal,31.9,-116.68,302.38,48,3,3
150,brae,60.4,-1.35,286.15,71,40,40
151,los llanos de aridane,28.66,-17.92,298.49,78,20,20
152,cherskiy,68.75,161.3,276.78,95,100,100
153,ardatov,55.24,43.1,290.92,76,100,100
154,kirgiz-miyaki,53.63,54.8,290.52,78,84,84
155,hun,29.13,15.95,301.85,22,0,0
156,jinxiang,22.86,115.7,301.29,84,26,26
157,muros,42.78,-9.06,293.71,89,17,17
158,kavieng,-2.57,150.8,300.38,79,2,2
159,loukhi,66.08,33.04,283.3,69,0,0
160,yerbogachen,61.28,108.01,280.4,73,0,0
161,aberdeen,57.14,-2.1,285.84,93,75,75
162,half moon bay,37.46,-122.43,292.65,88,90,90
163,san juan de las huertas,19.25,-99.76,291.15,55,75,75
164,lindas,60.74,5.16,285.93,81,26,26
165,naze,28.37,129.48,302.15,83,75,75
166,anzio,41.49,12.62,299.25,80,0,0
167,kargasok,59.06,80.86,281.26,95,49,49
168,tornio,65.85,24.15,286.15,66,100,100
169,esperance,-33.87,121.9,283.15,100,75,75
170,macas,-2.32,-78.12,298.15,53,40,40
171,codrington,-38.27,141.97,276.77,91,3,3
172,narsaq,60.92,-46.05,286.15,58,20,20
173,tasiilaq,65.61,-37.64,280.15,70,5,5
174,vanavara,60.34,102.28,283.36,69,2,2
175,sola,-13.88,167.55,301.15,83,75,75
176,belle fourche,44.67,-103.85,305.62,26,1,1
177,santa isabel,-23.32,-46.22,293.49,52,20,20
178,pisco,-13.7,-76.22,291.86,72,40,40
179,vammala,61.33,22.9,285.6,93,0,0
180,calbuco,-41.77,-73.13,286.15,71,90,90
181,jieshi,22.81,115.83,301.55,85,43,43
182,moses lake,47.13,-119.28,298.98,33,1,1
183,walvis bay,-22.96,14.51,286.3,76,0,0
184,moose factory,51.26,-80.61,284.15,81,90,90
185,finnsnes,69.23,17.98,283.15,87,75,75
186,rudolfov,48.99,14.54,291.37,55,0,0
187,dawlatabad,36.41,64.91,294.36,32,18,18
188,vostok,46.49,135.88,288.26,100,51,51
189,inongo,-1.95,18.27,296.1,71,11,11
190,mashhad,36.3,59.61,294.15,40,40,40
191,palu,-0.89,119.87,296.79,81,98,98
192,dhidhdhoo,6.88,73.1,301.12,74,45,45
193,nzega,-2.48,29.56,289.74,57,48,48
194,urubicha,-15.38,-62.95,309.35,18,0,0
195,labuhan,-6.88,112.21,298.38,78,56,56
196,luga,58.74,29.85,288.1,90,100,100
197,talnakh,69.49,88.4,287.15,82,67,67
198,kiama,-34.68,150.87,279.27,77,0,0
199,sol-iletsk,51.16,54.99,292.74,49,0,0
200,margate,51.38,1.39,291.86,77,58,58
201,gazli,40.13,63.45,293.46,42,0,0
202,kashira,54.84,38.17,290.15,82,20,20
203,dicabisagan,17.08,122.42,299.49,81,84,84
204,rumuruti,0.27,36.54,287.79,79,3,3
205,almeirim,-1.52,-52.58,305.7,50,24,24
206,mutsu,41.29,141.22,296.01,100,90,90
207,kununurra,-15.77,128.73,293.15,28,0,0
208,kedrovyy,56.17,91.82,283.15,93,100,100
209,paamiut,61.99,-49.67,279.58,82,0,0
210,abu samrah,35.3,37.18,297.84,47,0,0
211,kharan,28.58,65.42,302.21,61,100,100
212,dekar,-21.53,21.93,291.88,27,0,0
213,matagami,49.75,-77.63,286.15,66,90,90
214,spanaway,47.1,-122.43,293.22,68,1,1
215,sitka,57.05,-135.33,285.15,93,90,90
216,camacha,33.08,-16.33,296.15,73,40,40
217,nicoya,10.15,-85.45,302.15,79,75,75
218,the valley,18.22,-63.06,303.91,74,20,20
219,resavica,44.04,21.58,288.0,95,52,52
220,bhubaneswar,20.23,85.83,299.15,100,90,90
221,amontada,-3.36,-39.83,305.4,38,0,0
222,vila franca do campo,37.72,-25.43,298.15,83,20,20
223,padang,-0.95,100.35,298.33,76,100,100
224,sao filipe,14.9,-24.5,299.88,80,45,45
225,mutis,6.23,-77.4,297.97,88,100,100
226,grindavik,63.84,-22.43,283.15,81,75,75
227,bayan,46.08,127.4,295.93,88,50,50
228,plettenberg bay,-34.05,23.37,288.21,74,1,1
229,sambo creek,15.82,-86.68,303.15,74,40,40
230,tigzirt,36.89,4.12,300.08,58,0,0
231,ciudad bolivar,8.12,-63.55,305.36,56,65,65
232,arraial do cabo,-22.97,-42.03,295.15,53,75,75
233,aliwal north,-30.69,26.71,287.59,30,0,0
234,rapid valley,44.06,-103.15,304.66,51,1,1
235,manacapuru,-3.3,-60.62,303.15,66,40,40
236,iralaya,15.0,-83.23,301.15,83,75,75
237,lock haven,41.14,-77.45,301.51,66,23,23
238,carbonia,39.17,8.52,301.04,34,0,0
239,misratah,32.38,15.09,299.74,76,0,0
240,isangel,-19.55,169.27,295.21,87,100,100
241,te anau,-45.42,167.72,271.83,96,63,63
242,itarema,-2.92,-39.92,300.86,60,0,0
243,gao,16.64,1.64,305.86,41,27,27
244,fairbanks,64.84,-147.72,284.08,87,90,90
245,tateyama,34.98,139.87,297.83,92,0,0
246,nibong tebal,5.17,100.48,298.67,94,20,20
247,mponela,-13.53,33.74,292.0,62,4,4
248,otradnoye,59.78,30.82,288.52,90,100,100
249,bathsheba,13.22,-59.52,304.15,70,40,40
250,nanortalik,60.14,-45.24,281.7,77,0,0
251,okhotsk,59.38,143.3,284.04,90,100,100
252,banjar,-8.19,114.97,299.15,100,40,40
253,winburg,-28.52,27.01,288.31,33,0,0
254,west monroe,32.52,-92.15,303.17,62,90,90
255,sinnamary,5.38,-52.95,301.84,72,0,0
256,tay ninh,11.3,106.1,299.78,82,0,0
257,yerofey pavlovich,53.97,121.97,280.22,94,46,46
258,villazon,-22.09,-65.59,292.47,23,57,57
259,deskati,39.92,21.8,292.18,90,33,33
260,evensk,61.95,159.23,278.01,69,0,0
261,aguimes,27.91,-15.45,299.17,74,20,20
262,hovd,48.01,91.64,289.28,48,0,0
263,vila velha,-20.33,-40.29,296.5,50,20,20
264,yabelo,4.88,38.08,290.32,72,90,90
265,saint george,37.1,-113.58,308.03,26,1,1
266,san lawrenz,36.06,14.2,299.22,65,20,20
267,lumeje,-11.55,20.78,295.54,22,0,0
268,hambantota,6.12,81.12,300.25,82,100,100
269,albury,-36.08,146.92,274.21,100,8,8
270,roskovec,40.74,19.7,296.12,86,0,0
271,san cristobal,7.77,-72.22,307.15,38,40,40
272,alugan,12.22,125.48,299.26,84,100,100
273,anadyr,64.75,177.48,281.02,100,90,90
274,marystown,47.17,-55.15,294.82,100,99,99
275,saint-francois,46.42,3.91,300.93,32,4,4
276,ponta delgada,37.73,-25.67,298.15,83,20,20
277,kysyl-syr,63.9,122.76,276.29,73,0,0
278,tiksi,71.69,128.87,275.71,88,0,0
279,taltal,-25.4,-70.48,289.3,53,0,0
280,bunol,39.42,-0.78,301.62,74,0,0
281,saldanha,-33.01,17.94,287.15,87,100,100
282,ilulissat,69.22,-51.1,279.15,75,75,75
283,morehead,37.27,-87.18,305.36,52,1,1
284,serebryanyy bor,56.8,124.8,280.58,93,100,100
285,ust-nera,64.57,143.2,278.38,81,100,100
286,sinegorye,62.08,150.48,275.52,81,18,18
287,zabid,14.2,43.32,307.62,41,88,88
288,kalengwa,-13.47,25.0,292.8,28,0,0
289,condado,21.88,-79.84,306.15,66,29,29
290,havre-saint-pierre,50.23,-63.6,287.15,93,90,90
291,wismar,53.9,11.47,290.22,80,100,100
292,waddan,29.16,16.14,301.89,25,0,0
293,rio gallegos,-51.62,-69.22,281.15,31,0,0
294,dwarka,22.24,68.97,301.12,81,96,96
295,aswan,24.09,32.91,306.51,15,58,58
296,pilar,-9.6,-35.96,296.15,94,75,75
297,kruisfontein,-34.0,24.73,289.26,76,0,0
298,strezhevoy,60.73,77.59,284.15,93,78,78
299,portland,45.52,-122.68,292.68,59,20,20
300,road town,18.42,-64.62,303.65,74,40,40
301,invermere,50.52,-116.04,289.82,66,3,3
302,gallup,35.53,-108.74,303.54,20,1,1
303,la palma,33.85,-118.05,301.28,58,1,1
304,laguna,38.42,-121.42,299.49,53,1,1
305,kaitangata,-46.28,169.85,277.59,81,4,4
306,mount isa,-20.73,139.5,290.15,23,0,0
307,guilin,25.28,110.29,297.15,100,75,75
308,coquimbo,-29.95,-71.34,289.15,67,75,75
309,imeni poliny osipenko,52.42,136.49,283.64,95,54,54
310,gataia,45.43,21.43,293.18,88,2,2
311,kahului,20.89,-156.47,299.42,51,20,20
312,tiznit,29.58,-9.5,308.45,16,86,86
313,birin,26.89,88.07,292.07,98,100,100
314,seaford,50.77,0.1,290.1,85,58,58
315,kenai,60.55,-151.26,286.01,87,90,90
316,abha,18.22,42.51,295.62,73,40,40
317,tari,12.41,4.49,297.76,85,2,2
318,haines junction,60.75,-137.51,286.28,59,98,98
319,algiers,36.75,3.04,301.15,65,0,0
320,presque isle,46.68,-68.02,296.74,78,75,75
321,darhan,49.49,105.92,285.59,81,94,94
322,pangai,-19.8,-174.35,294.15,94,20,20
323,nabinagar,23.89,90.97,301.15,78,75,75
324,flin flon,54.77,-101.86,286.15,87,90,90
325,berbera,10.44,45.01,307.78,43,84,84
326,kokopo,-4.35,152.26,298.13,86,4,4
327,charters towers,-20.1,146.27,284.68,87,6,6
328,konosha,60.97,40.26,284.61,90,35,35
329,bom jesus,-9.07,-44.36,307.13,29,91,91
330,dabat,12.98,37.77,285.38,100,51,51
331,tahta,26.77,31.5,308.2,20,0,0
332,lichinga,-13.31,35.24,292.64,68,0,0
333,luderitz,-26.65,15.16,287.22,77,0,0
334,nabire,-3.37,135.48,296.89,90,13,13
335,isilkul,54.91,71.27,287.0,89,100,100
336,avera,33.19,-82.53,301.23,84,75,75
337,magalia,39.81,-121.58,300.71,42,75,75
338,callaway,30.15,-85.57,306.76,71,95,95
339,flinders,-34.58,150.86,279.06,82,0,0
340,constitucion,-35.33,-72.42,285.59,77,85,85
341,yenagoa,4.92,6.26,297.99,77,99,99
342,amahai,-3.33,128.92,300.37,92,63,63
343,puerto el triunfo,13.28,-88.55,304.15,74,75,75
344,ananas,19.25,-71.96,302.15,66,40,40
345,ingraj bazar,25.0,88.15,300.96,86,100,100
346,bathurst,-33.42,149.58,272.9,97,0,0
347,santa maria,-29.68,-53.81,300.15,47,100,100
348,saint anthony,45.02,-93.22,302.53,62,20,20
349,caceres,39.52,-6.37,309.26,17,0,0
350,praia da vitoria,38.73,-27.07,301.15,69,40,40
351,aksha,50.28,113.29,284.3,88,100,100
352,davila,18.47,120.58,299.15,94,75,75
353,black river,18.03,-77.85,302.62,74,20,20
354,tagusao,9.19,117.81,299.35,77,15,15
355,zhezkazgan,47.8,67.71,290.81,39,0,0
356,cidreira,-30.18,-50.21,291.18,79,0,0
357,shupiyan,33.72,74.83,290.53,80,69,69
358,kismayo,-0.36,42.55,298.46,81,15,15
359,luganville,-15.53,167.17,299.15,94,75,75
360,karratha,-20.74,116.85,296.86,35,0,0
361,ialibu,-6.28,143.99,284.42,98,100,100
362,gizo,-8.1,156.84,301.11,75,6,6
363,sulangan,11.14,123.72,301.9,77,100,100
364,necochea,-38.55,-58.74,292.59,1,100,100
365,rizhao,35.43,119.46,297.18,95,86,86
366,charyshskoye,51.4,83.56,284.32,86,100,100
367,christchurch,-43.53,172.63,276.64,64,5,5
368,bubaque,11.28,-15.83,300.65,78,100,100
369,pacific grove,36.62,-121.92,289.62,72,90,90
370,timiryazevskiy,56.49,84.88,286.06,93,100,100
371,deputatskiy,69.3,139.9,268.3,98,48,48
372,ketchikan,55.34,-131.65,286.15,100,90,90
373,ancud,-41.87,-73.82,285.15,81,75,75
374,nome,64.5,-165.41,282.69,87,90,90
375,mogadishu,2.04,45.34,298.2,83,0,0
376,kichmengskiy gorodok,59.98,45.79,285.82,91,22,22
377,billings,45.78,-108.5,302.89,23,40,40
378,itabera,-23.86,-49.14,293.1,60,0,0
379,bitkine,11.98,18.21,295.23,93,100,100
380,port-gentil,-0.72,8.78,298.15,88,75,75
381,san policarpo,12.18,125.51,299.6,83,98,98
382,nigran,42.14,-8.81,295.7,73,20,20
383,nobres,-14.72,-56.33,310.61,19,89,89
384,tanout,14.97,8.89,306.15,37,75,75
385,goranboy,40.61,46.79,293.15,68,20,20
386,borazjan,29.27,51.22,306.15,59,0,0
387,prince rupert,54.32,-130.32,286.15,93,90,90
388,trincomalee,8.57,81.23,300.38,82,100,100
389,san quintin,30.48,-115.95,299.6,65,1,1
390,port pirie,-33.18,138.02,277.15,86,0,0
391,samana,19.21,-69.34,304.15,74,20,20
392,taga,46.95,24.05,291.01,77,3,3
393,chumikan,54.72,135.31,283.86,93,100,100
394,taoudenni,22.68,-3.98,311.99,22,51,51
395,tahoua,14.89,5.27,303.15,62,40,40
396,katsuura,35.13,140.3,298.05,88,20,20
397,shahr-e kord,32.33,50.86,295.15,33,0,0
398,tautira,-17.73,-149.15,298.92,74,20,20
399,gorom-gorom,14.44,-0.24,304.54,48,46,46
400,dinguiraye,11.3,-10.72,296.04,91,100,100
401,kuito,-12.38,16.93,290.8,44,1,1
402,puerto princesa,9.74,118.74,299.18,79,0,0
403,camana,-16.62,-72.71,290.8,73,89,89
404,jutai,-5.18,-68.9,308.5,29,100,100
405,roebourne,-20.78,117.13,297.44,34,0,0
406,kibala,9.11,18.35,297.15,88,20,20
407,beni,0.5,29.47,291.01,100,25,25
408,imbituba,-28.24,-48.67,295.15,60,0,0
409,wonthaggi,-38.6,145.59,280.32,94,18,18
410,santa luzia,-19.77,-43.85,296.19,33,27,27
411,cumpas,29.98,-109.78,309.1,23,0,0
412,jeremoabo,-10.07,-38.48,299.69,55,37,37
413,fortuna,40.6,-124.16,290.13,93,75,75
414,faya,18.39,42.45,295.65,73,40,40
415,urozhaynoye,44.79,44.92,292.81,45,0,0
416,viedma,-40.81,-63.0,282.04,95,100,100
417,jiuquan,39.74,98.52,294.37,23,0,0
418,gat,31.61,34.76,298.84,38,0,0
419,faanui,-16.48,-151.75,297.61,83,14,14
420,alagoinhas,-12.14,-38.42,297.73,62,65,65
421,khrystynivka,48.82,29.97,291.46,93,100,100
422,kendari,-3.94,122.5,295.39,89,26,26
423,natalio,-26.72,-55.08,302.06,40,0,0
424,bardiyah,31.76,25.09,298.01,83,0,0
425,salinopolis,-0.61,-47.36,301.5,70,41,41
426,koson,39.04,65.58,296.15,46,20,20
427,pinhao,-25.7,-51.66,293.37,55,0,0
428,kizukuri,40.81,140.39,295.57,93,21,21
429,honiara,-9.43,159.95,296.15,94,20,20
430,kabare,-2.47,28.82,291.1,68,9,9
431,bangkalan,-7.05,112.74,298.81,77,13,13
432,leningradskiy,69.38,178.42,278.05,94,100,100
433,tecpan,14.76,-90.99,294.79,57,40,40
434,micheweni,-4.97,39.83,297.33,83,46,46
435,touros,-5.2,-35.46,302.15,58,20,20
436,mama,58.31,112.9,281.17,70,0,0
437,outjo,-20.12,16.15,293.57,41,76,76
438,vestmanna,62.16,-7.17,282.15,76,100,100
439,ambulu,-8.35,113.61,295.65,85,44,44
440,chiang khong,20.26,100.4,299.15,94,20,20
441,beyneu,45.32,55.2,296.89,24,0,0
442,arlit,18.74,7.39,303.42,50,46,46
443,lezajsk,50.26,22.42,290.33,63,0,0
444,along,28.17,94.77,296.97,84,7,7
445,hopkinton,41.46,-71.78,304.34,58,1,1
446,limoeiro do ajuru,-1.9,-49.38,305.35,50,0,0
447,brownsville,25.9,-97.5,304.53,59,75,75
448,zyryanskoye,56.83,86.63,284.99,88,100,100
449,wainwright,52.84,-110.86,292.53,48,0,0
450,kudat,6.88,116.85,301.04,83,20,20
451,san miguel,13.48,-88.18,302.5,77,99,99
452,saint-junien,45.88,0.9,295.76,69,26,26
453,altay,47.87,88.12,286.49,71,62,62
454,pangody,65.85,74.49,283.97,86,97,97
455,soyo,-6.13,12.37,296.44,87,29,29
456,sur,22.57,59.53,303.31,64,85,85
457,isla vista,34.41,-119.86,297.12,83,40,40
458,kharitonovo,61.4,47.5,285.08,94,16,16
459,kirkland lake,48.14,-80.04,289.15,63,90,90
460,sangar,63.92,127.47,277.68,70,0,0
461,cape coast,5.11,-1.25,296.84,87,3,3
462,khanewal,30.3,71.93,305.15,66,20,20
463,nyagan,62.14,65.39,285.8,80,100,100
464,sangmelima,2.93,11.98,293.61,97,100,100
465,port lincoln,-34.73,135.87,284.53,74,5,5
466,andra,62.51,65.89,284.71,88,100,100
467,oga,46.46,10.35,287.89,71,0,0
468,san jose,37.34,-121.89,297.61,64,90,90
469,lavrentiya,65.58,-171.0,281.39,91,89,89
470,yar-sale,66.83,70.83,285.31,80,63,63
471,dunedin,-45.87,170.5,277.55,83,0,0
472,pringsewu,-5.36,104.97,295.0,84,13,13
473,siyabuswa,-25.11,29.04,289.66,31,0,0
474,solnechnyy,50.72,136.63,283.98,92,8,8
475,getashen,40.04,43.94,294.15,43,0,0
476,berlevag,70.86,29.09,283.52,87,40,40
477,guerrero negro,27.98,-114.06,301.24,59,0,0
478,liverpool,53.41,-2.98,288.08,87,90,90
479,mahina,-17.51,-149.49,298.92,74,20,20
480,dembi dolo,8.53,34.8,287.2,100,100,100
481,kisangani,0.52,25.2,296.16,87,75,75
482,solenzo,12.18,-4.08,296.11,92,98,98
483,lompoc,34.64,-120.46,292.97,82,90,90
484,casper,42.87,-106.31,306.15,17,1,1
485,teguldet,57.31,88.17,284.79,92,100,100
486,jakar,27.55,90.75,287.32,73,82,82
487,timizart,36.8,4.27,298.86,48,0,0
488,mount gambier,-37.83,140.77,276.15,93,0,0
489,srednekolymsk,67.45,153.68,276.53,82,92,92
490,dubbo,-32.25,148.62,272.15,100,0,0
491,malkara,40.89,26.9,294.81,67,0,0
492,bulaevo,54.91,70.44,286.89,92,100,100
493,zyryanka,65.75,150.85,276.04,78,87,87
494,batticaloa,7.71,81.69,299.93,83,66,66
495,oranjemund,-28.55,16.43,286.22,85,0,0
496,kirkwood,38.58,-90.41,306.21,46,20,20
497,marigot,18.07,-63.08,303.81,62,20,20
498,bilibino,68.05,166.44,277.79,89,100,100
499,lewiston,44.1,-70.21,302.25,54,40,40
500,klaksvik,62.23,-6.59,282.15,76,100,100
501,champerico,14.3,-91.92,300.02,74,40,40
502,tual,-5.67,132.75,299.17,76,45,45
503,nefteyugansk,61.1,72.6,285.15,100,0,0
504,tezu,27.92,96.17,297.83,83,49,49
505,helong,42.54,129.0,293.06,77,100,100
506,isiro,2.77,27.62,294.03,89,51,51
507,eyl,7.98,49.82,298.39,81,26,26
508,san francisco del rincon,21.02,-101.85,295.15,56,75,75
509,juchipila,21.42,-103.12,300.31,49,64,64
510,lake charles,30.21,-93.2,301.16,83,90,90
511,ha tinh,18.33,105.9,301.5,70,100,100
512,platon sanchez,21.28,-98.37,303.36,63,72,72
513,whitecourt,54.15,-115.69,288.15,77,20,20
514,moerai,-22.43,-151.33,293.83,73,6,6
515,flagstaff,35.2,-111.65,301.54,21,20,20
516,riyadh,24.69,46.72,310.15,16,44,44
517,montrose,38.42,-108.27,302.79,23,12,12
518,tahe,52.33,124.73,284.43,93,61,61
519,goundam,16.41,-3.67,306.49,43,48,48
520,emerald,-23.53,148.17,283.71,40,0,0
521,sapa,5.15,120.32,301.04,75,49,49
522,bure,10.7,37.07,286.83,93,69,69
523,urusha,54.05,122.9,280.11,95,2,2
524,ahipara,-35.17,173.17,284.06,72,6,6
525,conakry,9.54,-13.68,298.15,94,90,90
526,lamar,33.67,-95.58,306.93,55,20,20
527,fort nelson,58.81,-122.7,287.15,93,75,75
528,monrovia,6.3,-10.8,298.15,94,75,75
529,changtu,42.78,124.1,293.5,85,100,100
530,villa carlos paz,-31.42,-64.5,301.06,39,37,37
531,atar,20.52,-13.05,311.15,24,100,100
532,ouadda,8.08,22.4,294.07,93,100,100
533,waingapu,-9.66,120.26,295.91,81,6,6
534,richards bay,-28.78,32.04,293.97,83,0,0
535,aviemore,57.2,-3.83,286.18,93,90,90
536,beringovskiy,63.05,179.32,282.6,78,98,98
537,souillac,-20.52,57.52,294.15,83,40,40
538,madridejos,39.47,-3.53,308.84,20,0,0
539,kenitra,34.26,-6.58,298.15,78,0,0
540,pangoa,-12.12,-73.0,301.45,51,75,75
541,sao felix do xingu,-6.64,-51.99,308.42,31,92,92
542,gualeguay,-33.14,-59.31,299.83,61,90,90
543,namie,37.48,141.0,294.62,98,0,0
544,mackay,-21.15,149.2,283.6,93,3,3
545,uarini,-2.99,-65.11,303.15,62,40,40
546,hay river,60.82,-115.8,286.15,100,90,90
547,rawson,-43.3,-65.1,281.88,70,86,86
548,omsukchan,62.53,155.8,274.48,86,0,0
549,galesong,-5.32,119.37,297.15,69,20,20
550,worland,44.02,-107.96,303.94,27,20,20
551,chicama,-7.84,-79.15,295.51,50,0,0
552,talcahuano,-36.72,-73.12,287.15,76,75,75
553,lazaro cardenas,17.96,-102.2,302.51,74,88,88
554,claresholm,50.03,-113.59,294.02,46,33,33
555,san carlos de bariloche,-41.15,-71.31,283.15,61,40,40
556,yumen,40.28,97.2,293.0,25,0,0
557,key west,24.56,-81.78,305.85,70,20,20
558,baykit,61.67,96.37,285.23,73,99,99
559,colares,38.8,-9.45,297.48,69,20,20
560,ouro preto do oeste,-10.75,-62.22,312.12,17,0,0
561,amarante do maranhao,-5.57,-46.74,309.07,24,55,55
562,roma,43.21,-75.46,298.12,65,75,75
